-6.657871799239398E8
-7.315601475740381E8
-7.315601475741812E8
-7.315601475741043E8
-7.315601475742204E8
-7.315601475741165E8
-7.315601475742364E8
-7.315601475741202E8
-7.315601475742246E8
-7.315601475741384E8
-7.315601475742068E8
-7.315601475741249E8
-7.31560147574232E8
-7.315601475741198E8
-7.315601475742285E8
-7.315601475741221E8
-7.315601475742154E8
-7.315601475741246E8
-7.315601475742402E8
-7.315601475741066E8
-7.315601475742371E8
-7.315601475741446E8
-7.315601475742131E8
-7.315601475741389E8
-7.315601475742264E8
-7.315601475741143E8
-7.315601475742196E8
-7.315601475741526E8
-7.315601475742173E8
-7.315601475741261E8
