-3.9947230795436394E8
-4.600870801168004E8
-4.600870801169076E8
-4.6008708011685663E8
-4.6008708011692524E8
-4.600870801168692E8
-4.600870801169349E8
-4.600870801168615E8
-4.6008708011693645E8
-4.600870801168807E8
-4.600870801169124E8
-4.600870801168703E8
-4.6008708011693746E8
-4.600870801168646E8
-4.6008708011693496E8
-4.6008708011686975E8
-4.600870801169169E8
-4.600870801168732E8
-4.6008708011693907E8
-4.600870801168542E8
-4.6008708011693764E8
-4.6008708011688244E8
-4.6008708011691475E8
-4.600870801168789E8
-4.6008708011693466E8
-4.600870801168606E8
-4.600870801169268E8
-4.600870801168862E8
-4.6008708011692226E8
-4.600870801168772E8
