-5.992084619315459E8
-6.647219197591134E8
-6.647219197592555E8
-6.647219197591859E8
-6.647219197592851E8
-6.647219197591947E8
-6.647219197593066E8
-6.647219197591908E8
-6.647219197592936E8
-6.64721919759216E8
-6.647219197592722E8
-6.647219197592015E8
-6.647219197593036E8
-6.64721919759193E8
-6.647219197592971E8
-6.647219197592012E8
-6.647219197592819E8
-6.647219197592024E8
-6.64721919759309E8
-6.647219197591814E8
-6.64721919759305E8
-6.647219197592221E8
-6.647219197592769E8
-6.64721919759215E8
-6.647219197592962E8
-6.647219197591877E8
-6.647219197592885E8
-6.647219197592294E8
-6.647219197592812E8
-6.64721919759205E8
