-4.660510259467579E8
-5.2916588900261676E8
-5.2916588900274736E8
-5.291658890026821E8
-5.2916588900276864E8
-5.2916588900269324E8
-5.291658890027833E8
-5.291658890026902E8
-5.2916588900277257E8
-5.291658890027076E8
-5.2916588900275946E8
-5.291658890026927E8
-5.291658890027826E8
-5.2916588900269175E8
-5.291658890027733E8
-5.29165889002694E8
-5.291658890027663E8
-5.291658890026975E8
-5.2916588900278234E8
-5.29165889002683E8
-5.2916588900278145E8
-5.291658890027128E8
-5.2916588900276214E8
-5.2916588900270355E8
-5.2916588900277466E8
-5.291658890026872E8
-5.291658890027689E8
-5.291658890027146E8
-5.291658890027651E8
-5.291658890026994E8
