-2.6631487196957597E8
-3.1832397734462917E8
-3.1832397734470046E8
-3.183239773446643E8
-3.1832397734471333E8
-3.1832397734467113E8
-3.183239773447145E8
-3.183239773446682E8
-3.183239773447182E8
-3.1832397734467936E8
-3.183239773447026E8
-3.183239773446721E8
-3.1832397734471667E8
-3.183239773446734E8
-3.1832397734471476E8
-3.183239773446702E8
-3.183239773447088E8
-3.1832397734467655E8
-3.1832397734471655E8
-3.183239773446624E8
-3.183239773447201E8
-3.183239773446804E8
-3.1832397734470516E8
-3.1832397734467846E8
-3.183239773447162E8
-3.1832397734466875E8
-3.183239773447087E8
-3.1832397734468246E8
-3.1832397734471065E8
-3.183239773446783E8
