-6.657871799239399E7
-9.079156009795044E7
-9.079156009795044E7
-9.079156009795044E7
-9.079156009795044E7
-9.079156009795044E7
-9.079156009795044E7
-9.079156009795044E7
-9.079156009795044E7
-9.079156009795044E7
-9.079156009795044E7
-9.079156009795044E7
-9.079156009795044E7
-9.079156009795044E7
-9.079156009795044E7
-9.079156009795044E7
-9.079156009795044E7
-9.079156009795044E7
-9.079156009795044E7
-9.079156009795044E7
-9.079156009795044E7
-9.079156009795044E7
-9.079156009795044E7
-9.079156009795044E7
-9.079156009795044E7
-9.079156009795044E7
-9.079156009795044E7
-9.079156009795044E7
-9.079156009795044E7
-9.079156009795044E7
