-7.323658979163338E8
-7.981388655664904E8
-7.981388655666039E8
-7.981388655665514E8
-7.98138865566641E8
-7.981388655665784E8
-7.981388655666524E8
-7.981388655665789E8
-7.981388655666548E8
-7.981388655665829E8
-7.981388655666317E8
-7.981388655665848E8
-7.981388655666461E8
-7.981388655665802E8
-7.981388655666552E8
-7.981388655665665E8
-7.981388655666375E8
-7.981388655665882E8
-7.981388655666513E8
-7.981388655665659E8
-7.981388655666676E8
-7.981388655665902E8
-7.981388655666397E8
-7.981388655665988E8
-7.981388655666401E8
-7.981388655665709E8
-7.981388655666518E8
-7.981388655665995E8
-7.981388655666407E8
-7.981388655665891E8
