-1.9973615397718197E8
-2.450617658123027E8
-2.4506176581234932E8
-2.450617658123275E8
-2.4506176581235927E8
-2.4506176581233117E8
-2.4506176581235665E8
-2.4506176581233186E8
-2.450617658123613E8
-2.4506176581233898E8
-2.4506176581235045E8
-2.4506176581233186E8
-2.4506176581236082E8
-2.4506176581233436E8
-2.4506176581235856E8
-2.4506176581232858E8
-2.4506176581235963E8
-2.4506176581233406E8
-2.4506176581236035E8
-2.4506176581232512E8
-2.450617658123622E8
-2.4506176581233978E8
-2.450617658123519E8
-2.4506176581233567E8
-2.4506176581236014E8
-2.4506176581233406E8
-2.4506176581235284E8
-2.450617658123371E8
-2.4506176581236005E8
-2.4506176581233558E8
