-3.3289358996197E8
-3.898874592130852E8
-3.898874592131707E8
-3.8988745921312857E8
-3.898874592131859E8
-3.8988745921313983E8
-3.898874592131927E8
-3.898874592131337E8
-3.8988745921319515E8
-3.898874592131488E8
-3.89887459213175E8
-3.898874592131401E8
-3.898874592131963E8
-3.898874592131374E8
-3.8988745921319276E8
-3.898874592131386E8
-3.898874592131797E8
-3.8988745921314347E8
-3.898874592131952E8
-3.8988745921312714E8
-3.898874592131961E8
-3.8988745921315044E8
-3.898874592131766E8
-3.8988745921314865E8
-3.898874592131928E8
-3.898874592131324E8
-3.898874592131868E8
-3.8988745921315354E8
-3.898874592131835E8
-3.89887459213146E8
