-1.3315743598478799E8
-1.6957359789261228E8
-1.695735978926389E8
-1.6957359789262682E8
-1.6957359789264196E8
-1.695735978926284E8
-1.6957359789264488E8
-1.6957359789263028E8
-1.6957359789264417E8
-1.6957359789263323E8
-1.6957359789264053E8
-1.6957359789263183E8
-1.6957359789264423E8
-1.6957359789262933E8
-1.6957359789264554E8
-1.6957359789263028E8
-1.6957359789264077E8
-1.695735978926305E8
-1.695735978926472E8
-1.695735978926273E8
-1.695735978926448E8
-1.6957359789263332E8
-1.6957359789264113E8
-1.6957359789263338E8
-1.6957359789264345E8
-1.6957359789262885E8
-1.6957359789264292E8
-1.6957359789263484E8
-1.6957359789264238E8
-1.6957359789263195E8
