-5.326297439391519E8
-5.973191556887182E8
-5.973191556888692E8
-5.973191556887908E8
-5.973191556888859E8
-5.973191556888034E8
-5.973191556889032E8
-5.973191556887994E8
-5.973191556888928E8
-5.973191556888194E8
-5.973191556888733E8
-5.973191556888046E8
-5.973191556889004E8
-5.973191556887993E8
-5.973191556888943E8
-5.973191556888036E8
-5.97319155688883E8
-5.97319155688809E8
-5.973191556889035E8
-5.973191556887896E8
-5.973191556889019E8
-5.973191556888256E8
-5.973191556888766E8
-5.973191556888183E8
-5.973191556888928E8
-5.973191556887944E8
-5.973191556888874E8
-5.973191556888285E8
-5.973191556888807E8
-5.973191556888105E8
